T = 852.386729656386 + 185.11507968248225 - 197.0772044082762
log_xh2o = -3.8444877103163346 + 1.2159032874092297 - 0.5503466050095316
log_kappa_cloud = -6.0877096846633 + 4.084594264756801 - 3.8526183324131447
log_P0 = 0.8816021418216093 + 1.3841157149798364 - 1.2356264266367907
Rstar = 1.5469654857645854 + 0.0027586429440704663 - 0.0025848930420464544
G = 987.1675394287599 + 60.63450888665193 - 58.19229935243891

log Z for model = 17.9