T = 856.9656109028186 + 176.7601760079482 - 184.95321981138034
log_xh2o = -3.8930005207565603 + 1.04848281258589 - 0.5251679449413942
log_kappa_cloud = -6.09752604944229 + 3.973858158674752 - 3.9978089952096356
R0 = 1.81267797006047 + 0.04385766346746345 - 0.0488167303362641
Rstar = 1.5668526863830357 + 0.037500030716209665 - 0.042840316216078644
G = 990.1579695058208 + 59.512944083915954 - 62.090509878005946

log Z for model = 17.8